7fffffff
fffffffc
ffffff11
ffffff65
ffffff07
ffffff4e
0000006e
00000060
ffffffc0
00000005
0000007c
ffffff7b
ffffffc9
ffffff1e
000000dd
0000006b
00000005
00000004
00000003
00000002
00000001
00000000
00000000
00000000
00000000
00000000
00000000
00000000
00000000
00000000
00000000
00000000
00000000
00000000
00000000
00000000
00000000
00000000
00000000
00000000
00000000
00000000
00000000
00000000
00000000
00000000
00000000
00000000
00000000
00000000
00000000
00000000
00000000
00000000
00000000
00000000
00000000
00000000
00000000
00000000
00000000
00000000
