00000100
00011000
00011100
00100000
01100000
01100100
00100100
00101000
00101100
00110000
00110100
00111000
00111100
01000000
01000100
01001000
00101100
00110000
00110100
00111000
00111100
01000000
01000100
01001000
00101100
00110000
00110100
00111000
00111100
01000000
01000100
01001000
00101100
00110000
00110100
00111000
00111100
01000000
01000100
01001000
00101100
00110000
00110100
00111000
01000100
01001000
00101100
00110000
00110100
00111000
00111100
01000000
01000100
01001000
00101100
00110000
00110100
00111000
00111100
01000000
01000100
01001000
00101100
00110000
00110100
00111000
00111100
01000000
01000100
01001000
00101100
00110000
00110100
00111000
01000100
01001000
00101100
00110000
00110100
00111000
00111100
01000000
01000100
01001000
00101100
00110000
00110100
00111000
00111100
01000000
01000100
01001000
00101100
00110000
00110100
00111000
00111100
01000000
01000100
01001000
00101100
00110000
00110100
00111000
01000100
01001000
00101100
00110000
00110100
00111000
00111100
01000000
01000100
01001000
01001100
01010000
01010100
00101100
00110000
00110100
00111000
01000100
01001000
00101100
00110000
00110100
00111000
00111100
01000000
01000100
01001000
00101100
00110000
00110100
00111000
00111100
01000000
01000100
01001000
00101100
00110000
00110100
00111000
01000100
01001000
00101100
00110000
00110100
00111000
01000100
01001000
00101100
00110000
00110100
00111000
00111100
01000000
01000100
01001000
00101100
00110000
00110100
00111000
00111100
01000000
01000100
01001000
00101100
00110000
00110100
00111000
01000100
01001000
00101100
00110000
00110100
00111000
00111100
01000000
01000100
01001000
00101100
00110000
00110100
00111000
00111100
01000000
01000100
01001000
00101100
00110000
00110100
00111000
00111100
01000000
01000100
01001000
00101100
00110000
00110100
00111000
01000100
01001000
00101100
00110000
00110100
00111000
00111100
01000000
01000100
01001000
01001100
01010000
01010100
00101100
00110000
00110100
00111000
00111100
01000000
01000100
01001000
00101100
00110000
00110100
00111000
01000100
01001000
00101100
00110000
00110100
00111000
01000100
01001000
00101100
00110000
00110100
00111000
01000100
01001000
00101100
00110000
00110100
00111000
00111100
01000000
01000100
01001000
00101100
00110000
00110100
00111000
01000100
01001000
00101100
00110000
00110100
00111000
01000100
01001000
00101100
00110000
00110100
00111000
00111100
01000000
01000100
01001000
00101100
00110000
00110100
00111000
00111100
01000000
01000100
01001000
00101100
00110000
00110100
00111000
00111100
01000000
01000100
01001000
00101100
00110000
00110100
00111000
01000100
01001000
00101100
00110000
00110100
00111000
00111100
01000000
01000100
01001000
01001100
01010000
01010100
00101100
00110000
00110100
00111000
01000100
01001000
00101100
00110000
00110100
00111000
01000100
01001000
00101100
00110000
00110100
00111000
01000100
01001000
00101100
00110000
00110100
00111000
01000100
01001000
00101100
00110000
00110100
00111000
01000100
01001000
00101100
00110000
00110100
00111000
01000100
01001000
00101100
00110000
00110100
00111000
00111100
01000000
01000100
01001000
00101100
00110000
00110100
00111000
00111100
01000000
01000100
01001000
00101100
00110000
00110100
00111000
00111100
01000000
01000100
01001000
00101100
00110000
00110100
00111000
01000100
01001000
00101100
00110000
00110100
00111000
01000100
01001000
01001100
01010000
01010100
00101100
00110000
00110100
00111000
01000100
01001000
00101100
00110000
00110100
00111000
01000100
01001000
00101100
00110000
00110100
00111000
01000100
01001000
00101100
00110000
00110100
00111000
01000100
01001000
00101100
00110000
00110100
00111000
01000100
01001000
00101100
00110000
00110100
00111000
00111100
01000000
01000100
01001000
00101100
00110000
00110100
00111000
00111100
01000000
01000100
01001000
00101100
00110000
00110100
00111000
00111100
01000000
01000100
01001000
00101100
00110000
00110100
00111000
01000100
01001000
00101100
00110000
00110100
00111000
01000100
01001000
01001100
01010000
01010100
00101100
00110000
00110100
00111000
01000100
01001000
00101100
00110000
00110100
00111000
01000100
01001000
00101100
00110000
00110100
00111000
01000100
01001000
00101100
00110000
00110100
00111000
01000100
01001000
00101100
00110000
00110100
00111000
00111100
01000000
01000100
01001000
00101100
00110000
00110100
00111000
01000100
01001000
00101100
00110000
00110100
00111000
00111100
01000000
01000100
01001000
00101100
00110000
00110100
00111000
01000100
01001000
00101100
00110000
00110100
00111000
01000100
01001000
01001100
01010000
01010100
00101100
00110000
00110100
00111000
01000100
01001000
00101100
00110000
00110100
00111000
01000100
01001000
00101100
00110000
00110100
00111000
01000100
01001000
00101100
00110000
00110100
00111000
01000100
01001000
00101100
00110000
00110100
00111000
01000100
01001000
00101100
00110000
00110100
00111000
00111100
01000000
01000100
01001000
00101100
00110000
00110100
00111000
01000100
01001000
00101100
00110000
00110100
00111000
01000100
01001000
01001100
01010000
01010100
00101100
00110000
00110100
00111000
01000100
01001000
00101100
00110000
00110100
00111000
01000100
01001000
00101100
00110000
00110100
00111000
01000100
01001000
00101100
00110000
00110100
00111000
01000100
01001000
00101100
00110000
00110100
00111000
00111100
01000000
01000100
01001000
00101100
00110000
00110100
00111000
01000100
01001000
00101100
00110000
00110100
00111000
01000100
01001000
01001100
01010000
01010100
00101100
00110000
00110100
00111000
01000100
01001000
00101100
00110000
00110100
00111000
01000100
01001000
00101100
00110000
00110100
00111000
01000100
01001000
00101100
00110000
00110100
00111000
00111100
01000000
01000100
01001000
00101100
00110000
00110100
00111000
01000100
01001000
00101100
00110000
00110100
00111000
01000100
01001000
01001100
01010000
01010100
00101100
00110000
00110100
00111000
01000100
01001000
00101100
00110000
00110100
00111000
01000100
01001000
00101100
00110000
00110100
00111000
00111100
01000000
01000100
01001000
00101100
00110000
00110100
00111000
01000100
01001000
00101100
00110000
00110100
00111000
01000100
01001000
01001100
01010000
01010100
00101100
00110000
00110100
00111000
01000100
01001000
00101100
00110000
00110100
00111000
01000100
01001000
00101100
00110000
00110100
00111000
01000100
01001000
00101100
00110000
00110100
00111000
01000100
01001000
01001100
01010000
01010100
00101100
00110000
00110100
00111000
01000100
01001000
00101100
00110000
00110100
00111000
01000100
01001000
00101100
00110000
00110100
00111000
01000100
01001000
01001100
01010000
01010100
00101100
00110000
00110100
00111000
01000100
01001000
00101100
00110000
00110100
00111000
01000100
01001000
01001100
01010000
01010100
00101100
00110000
00110100
00111000
01000100
01001000
01001100
01010000
01010100
01011000
01101000
01101100
01110000
01110100
01111000
01111100
10000000
10000100
10001000
10001100
10010000
01011100
00001000
00001000
